1.0 6.79
1.0 2.87
1.0 2.68
2.0 3.37
2.0 2.65
2.0 2.65
3.0 3.42
3.0 2.63
3.0 2.63
4.0 3.09
4.0 2.58
4.0 2.61
5.0 3.28
5.0 2.65
5.0 2.70
6.0 3.49
6.0 2.78
6.0 2.73
7.0 3.82
7.0 2.71
7.0 2.71
8.0 3.54
8.0 2.61
8.0 2.55
9.0 2.88
9.0 2.61
9.0 2.64
10.0 3.54
10.0 2.65
10.0 2.65
11.0 3.23
11.0 2.68
11.0 2.76
12.0 3.82
12.0 2.78
12.0 2.68
13.0 3.39
13.0 2.61
13.0 2.69
14.0 3.36
14.0 2.66
14.0 2.63
15.0 3.29
15.0 2.58
15.0 2.55
16.0 2.94
16.0 2.57
16.0 2.51
17.0 3.17
17.0 2.56
17.0 2.63
18.0 3.24
18.0 2.61
18.0 2.58
19.0 2.84
19.0 2.61
19.0 2.63
20.0 3.38
20.0 2.63
20.0 2.63
21.0 3.29
20.6 2.65
21.1 3.49
20.4 2.68
