1.0 9.08
1.0 9.34
2.0 9.14
1.0 9.26
2.0 9.21
3.0 9.22
2.0 9.00
3.0 9.26
4.0 9.13
3.0 9.06
4.0 9.12
5.0 9.13
4.0 9.06
5.0 8.98
6.0 9.16
5.0 9.20
6.0 9.20
7.0 9.17
6.0 9.14
7.0 9.27
8.0 9.07
7.0 9.01
8.0 8.88
9.0 9.23
8.0 9.09
9.0 9.29
10.0 9.21
9.0 9.21
10.0 9.19
11.0 9.09
10.0 8.97
11.0 9.16
12.0 9.13
11.0 8.69
12.0 8.57
13.0 8.21
12.0 8.22
13.0 8.55
14.0 9.29
13.0 9.11
14.0 9.06
15.0 9.14
14.0 9.11
15.0 9.22
16.0 9.38
15.0 9.13
16.0 8.88
17.0 5.86
16.0 3.75
17.0 2.35
18.0 5.09
17.0 7.25
18.0 8.70
19.0 9.12
18.0 8.99
19.0 9.15
20.0 9.20
19.0 8.94
20.4 8.76
20.0 8.95
20.5 8.72
20.0 8.76
20.3 8.61
