1.0 7.16
1.00 received
1.0 3.50
1.00 received
2.0 3.02
2.00 received
1.0 3.39
2.0 2.87
3.0 3.29
2.0 2.83
2.00 received
3.0 2.82
4.0 2.83
3.0 3.39
4.0 3.22
5.0 2.96
4.0 2.89
5.0 3.02
6.0 3.23
5.0 2.87
6.0 2.86
7.0 2.87
6.0 2.90
7.0 2.86
8.0 2.38
7.0 2.90
8.0 2.50
9.0 2.85
8.0 2.50
9.0 2.66
10.0 2.81
9.0 2.59
10.0 2.85
11.0 2.83
10.0 2.82
11.0 2.82
12.0 2.79
11.0 2.88
12.0 2.81
13.0 2.58
12.0 2.86
13.0 2.85
14.0 2.58
13.0 2.73
14.0 2.32
15.0 2.85
14.0 2.42
15.0 2.79
16.0 2.85
15.0 2.79
16.0 2.86
17.0 2.66
16.0 2.82
17.0 2.87
18.0 2.62
17.0 2.85
18.0 2.86
19.0 2.90
18.0 2.87
19.0 2.85
20.0 2.74
19.0 2.85
20.4 3.03
20.39 received
20.0 2.86
20.1 2.86
20.14 received
19.9 2.98
19.93 received
